Id,SalePrice
1461,106670.73959948191
1462,127750.77298848271
1463,160881.93215158553
1464,176257.14256789093
1465,177074.86399117208
1466,168414.93482489692
1467,146967.35559215903
1468,161321.78337202183
1469,161600.01090905405
1470,109497.32538362291
1471,169127.36173844032
1472,93884.70028493475
1473,89435.50104557563
1474,144977.7655273389
1475,127206.60034955315
1476,337083.41496797977
1477,230524.0572119684
1478,283321.3105841038
1479,243744.32247170707
1480,417500.04000655835
1481,293333.87161441107
1482,185378.35806553758
1483,147885.0953038651
1484,157251.30235737644
1485,162144.79991921093
1486,182808.5651035414
1487,338234.4572247835
1488,222811.64449705053
1489,192170.20110199953
1490,183023.82351395726
1491,178165.109498038
1492,81620.94584798311
1493,160447.82860423645
1494,264220.23126066854
1495,260758.30652179057
1496,179849.32584335873
1497,179412.27933309908
1498,155042.46487625074
1499,152094.4087545787
1500,139301.76330336923
1501,161322.84609521306
1502,157905.74501230012
1503,242006.98219049195
1504,218977.79098803236
1505,187003.1670639497
1506,157235.99133650662
1507,195739.43993694632
1508,173200.9961717027
1509,149971.54591628947
1510,122418.01394761086
1511,117918.66955629738
1512,148080.15502592028
1513,149009.35825517288
1514,136821.01214560584
1515,159156.43379479673
1516,144894.11312079706
1517,122640.53068583908
1518,120154.90057628341
1519,175710.72180197004
1520,102849.32578940257
1521,107787.45634837002
1522,152658.51479388922
1523,97245.02567367624
1524,109749.79550040838
1525,103500.35814521603
1526,101671.35159585041
1527,101547.97179020547
1528,113275.4828772345
1529,121849.38940801613
1530,156007.67829501902
1531,87755.91079806272
1532,86275.82255769895
1533,114483.04007155728
1534,109310.79994479463
1535,135426.14382996396
1536,94167.5144782426
1537,69666.59010707492
1538,162857.13453560448
1539,196154.3071348735
1540,96754.35843929116
1541,133217.83673895104
1542,119996.98973845046
1543,206812.75525300394
1544,63497.88697342125
1545,98997.77483806407
1546,118507.09147855657
1547,122409.03668722842
1548,120168.12044541296
1549,112087.27558446984
1550,130250.96019744354
1551,91064.22539818304
1552,127950.86376843051
1553,139016.35814836904
1554,102657.79426843963
1555,141191.0857559252
1556,78782.30984411549
1557,74614.29461545528
1558,83011.80289237805
1559,85497.12741302208
1560,121152.46283517766
1561,98603.74732772543
1562,108564.23960217912
1563,99071.92023838361
1564,129419.38243137584
1565,137999.7068443118
1566,178220.6421193195
1567,70111.04301072074
1568,194967.37333225296
1569,128250.39553704958
1570,126166.9143034567
1571,118998.75747657497
1572,118103.70719251114
1573,180901.93086576636
1574,103821.2327879284
1575,175932.81558583147
1576,190703.4542145711
1577,183827.68896615537
1578,144462.786372311
1579,124153.79491380614
1580,174905.56059050854
1581,125447.65449059919
1582,113653.96360749056
1583,288242.3110919854
1584,212099.1180251431
1585,129521.56288882764
1586,70482.78401024136
1587,94409.95595743015
1588,115061.00570026616
1589,88935.42325914478
1590,107532.65226960643
1591,88231.51593805835
1592,97562.84647879677
1593,116778.66227148504
1594,112603.04017789706
1595,106194.5703219939
1596,207457.49012692575
1597,153927.10375489815
1598,189692.311846471
1599,180339.9259286924
1600,174396.80374779803
1601,75226.08966372967
1602,102925.0550471382
1603,56578.42967084789
1604,198485.08170156358
1605,233872.83344710324
1606,146929.99724617225
1607,145718.6344179722
1608,194300.66088136105
1609,167935.38135766314
1610,144607.21290950966
1611,125666.12402751484
1612,146120.98868642436
1613,136009.65108273036
1614,99359.5459082949
1615,86348.35238574065
1616,76982.67756556773
1617,85693.68875627198
1618,107361.26233502776
1619,120163.51707877441
1620,143451.10148813474
1621,118822.32787654726
1622,125508.71319171698
1623,205010.04175200715
1624,185963.37189156478
1625,110895.37801355642
1626,146068.94641369526
1627,171861.06857142012
1628,248416.33497943924
1629,166951.88263109096
1630,292678.34753814427
1631,195876.1872745504
1632,203636.50931655636
1633,164965.22421147727
1634,164985.58724195563
1635,166745.71032427897
1636,138679.51832373586
1637,153309.7441174993
1638,189429.11668033668
1639,166842.4161905519
1640,221344.61385338422
1641,160614.88629099264
1642,210642.73318095854
1643,213586.79349202767
1644,206536.8732789692
1645,160358.29479437694
1646,128834.45686118268
1647,151700.03159924786
1648,118911.41947268407
1649,107868.65966897285
1650,94233.36387349007
1651,116386.87430907162
1652,90147.95558358416
1653,93254.69547175996
1654,142275.03872490147
1655,141382.92473531354
1656,140704.78492776633
1657,141551.9885306045
1658,142401.41545564838
1659,128840.83653175212
1660,134526.59278103436
1661,379973.4311165034
1662,372410.52952744986
1663,327092.3133276778
1664,401236.58453789697
1665,297462.69327306293
1666,237384.3237416658
1667,324325.46237341216
1668,298115.1065554724
1669,274539.53815694887
1670,296038.631937451
1671,205712.60274680413
1672,391295.1559894492
1673,286164.1577285852
1674,238292.36497270735
1675,155390.78557378252
1676,150583.45040160167
1677,180543.27548380804
1678,401228.6275314687
1679,317871.767315348
1680,280480.3644786862
1681,250679.78194481574
1682,241729.0120576796
1683,161597.188530853
1684,162489.80563640752
1685,167488.68021351378
1686,161597.45033086406
1687,162705.8112908627
1688,173132.33240651982
1689,176285.523880945
1690,169869.40250967877
1691,163802.60448439306
1692,261526.9638228866
1693,163000.57385304326
1694,168569.56276819264
1695,160636.64640150586
1696,242190.46446400977
1697,167313.25946839148
1698,344177.4583401247
1699,293466.4813361626
1700,212544.68939333037
1701,224307.59028732555
1702,231616.03381362453
1703,231762.1668807221
1704,230301.06609792338
1705,202984.95568920468
1706,373382.7324708637
1707,198096.65785131554
1708,191579.05829876778
1709,274121.47909883264
1710,213371.94513338784
1711,240090.18841368592
1712,232452.08691242378
1713,207813.60346033218
1714,189436.71935074686
1715,192067.71285008366
1716,177884.32132481653
1717,156167.20677347324
1718,114043.2230757937
1719,186753.14533656355
1720,223427.3604325271
1721,157584.81419708062
1722,110478.66124295784
1723,125886.08340659911
1724,200166.42518795055
1725,209484.17669634963
1726,179843.20791122242
1727,138786.9201522751
1728,171766.35622867863
1729,150070.1796473075
1730,154149.1957615031
1731,104462.52328999725
1732,110243.54581823829
1733,99899.65946924339
1734,97928.01664234806
1735,112925.96702240761
1736,98937.55548066575
1737,295276.13999461365
1738,189940.75961962825
1739,254944.801420646
1740,201745.62792408935
1741,164860.8828776138
1742,160415.17605332684
1743,162665.17481956084
1744,236101.19266574216
1745,195899.83567570095
1746,233247.96915189736
1747,200936.71821258438
1748,194978.72747890407
1749,131359.82407906832
1750,104781.0872545867
1751,209145.13021162082
1752,100360.3476283569
1753,134588.41106211382
1754,171982.4625559231
1755,142153.52435009545
1756,118441.40054635414
1757,103046.10169431
1758,124324.23546474251
1759,141730.26981314993
1760,142169.9211243432
1761,107921.80046933734
1762,150040.4483393263
1763,157458.98666700747
1764,96749.88390274846
1765,142628.8520710279
1766,161580.59586455135
1767,181203.24171835417
1768,114915.93669290617
1769,160931.22580385607
1770,117116.26727022644
1771,99728.59258007703
1772,115910.06559064607
1773,105096.81757949581
1774,116794.52209148122
1775,107655.27010902569
1776,114939.30512019705
1777,94667.72682560724
1778,112209.56155099206
1779,110633.12739933578
1780,158341.97488867695
1781,108883.67552508917
1782,85650.27917696904
1783,120054.87147658353
1784,91572.40319179978
1785,105891.17443723686
1786,129418.4245109018
1787,156841.3258351412
1788,45979.285509142996
1789,89980.01545302224
1790,92032.37053724391
1791,157101.58098958628
1792,131640.92729408512
1793,118212.23325560523
1794,128249.4672114536
1795,107698.94116879487
1796,111075.76311457473
1797,89743.19272546704
1798,102986.48594158737
1799,96857.7794388029
1800,107947.52022868194
1801,120046.67650259653
1802,139028.55354205187
1803,146955.05877525368
1804,119399.46227133465
1805,111119.05133460568
1806,103143.42468673785
1807,128319.9139626349
1808,119722.14477337348
1809,112145.03571252855
1810,138878.62317349974
1811,107071.38470586295
1812,96544.97041515939
1813,101595.46419661389
1814,92350.53521312907
1815,54055.28821758863
1816,97328.04606686842
1817,110676.00992140798
1818,133508.49489002783
1819,110353.85286464769
1820,52170.92853906505
1821,107924.31164754387
1822,146084.1815709822
1823,35559.52144686047
1824,128672.86219714428
1825,126203.4495802194
1826,91896.68344420377
1827,95030.24102782107
1828,122917.69065440095
1829,101388.10170702949
1830,139483.57981988005
1831,162770.5147456343
1832,95043.5857732052
1833,127263.10489736579
1834,120765.31134218523
1835,149273.01540217464
1836,115404.93282986469
1837,82123.54165322466
1838,109085.4918099699
1839,85210.91551887972
1840,110365.26731614061
1841,106185.38038463761
1842,72435.33379002652
1843,104848.24846072453
1844,125711.63841548326
1845,132055.39228959216
1846,129717.39068637774
1847,149142.6513196038
1848,57649.9581837741
1849,120098.03278434709
1850,98004.30155215002
1851,145272.19403769352
1852,108979.16064921154
1853,99180.08648436518
1854,156277.18535916245
1855,125639.90874093559
1856,188165.8583370803
1857,161848.612372804
1858,116965.24560004073
1859,119882.97002853142
1860,123569.06290391891
1861,120772.38504407322
1862,261342.44312290463
1863,260346.94036966332
1864,260346.94036966332
1865,304833.0810893337
1866,290642.51481612545
1867,241175.8074915016
1868,214605.45966942573
1869,170114.50032629102
1870,227375.27222010787
1871,230181.00970546147
1872,165624.84619458218
1873,191894.5797005682
1874,117043.5067014449
1875,178035.97347186916
1876,172248.13972904233
1877,174778.73054808367
1878,179504.66435538835
1879,113536.91931054881
1880,117383.87383225649
1881,192610.22381220435
1882,223106.50678118275
1883,185214.11436493488
1884,192815.33718047934
1885,198676.7714436495
1886,212210.9589472993
1887,170453.7790476343
1888,227576.2336023136
1889,157808.74158137094
1890,109006.45894120204
1891,126871.66269712347
1892,91325.2191027997
1893,104215.68745071325
1894,113058.68739139152
1895,116376.64389045372
1896,106853.75567787267
1897,95945.15715644266
1898,106756.18745081326
1899,146820.26664904508
1900,147069.85204107163
1901,149745.71943823606
1902,116847.50434200268
1903,185706.32948337914
1904,115430.28060251958
1905,177609.90857649015
1906,149571.6293978936
1907,175695.21433031867
1908,119976.29861461351
1909,138443.49240768098
1910,132407.0107213282
1911,194217.04512438533
1912,247136.30089747737
1913,139568.57686669103
1914,51401.692638467
1915,235229.04783574736
1916,58583.25557430975
1917,254014.3792637382
1918,115282.57117481786
1919,152488.01741769974
1920,124594.44487838077
1921,319086.89620518644
1922,295714.4170855877
1923,196979.2059149931
1924,163332.38414931617
1925,194554.97179211403
1926,322139.1694409103
1927,113005.51560892901
1928,143169.64738029614
1929,103593.86934802745
1930,122740.31915856783
1931,122779.60103471056
1932,122578.25558345887
1933,159573.79642107902
1934,169191.62277507424
1935,159419.33706496705
1936,167542.57857349527
1937,171699.88815146513
1938,147942.899344595
1939,201552.36609657828
1940,177160.8500376379
1941,164545.22768233446
1942,164047.79073967977
1943,176360.5984883767
1944,299393.16454676917
1945,308249.71960628714
1946,143439.6264457072
1947,264203.94732584036
1948,162077.18016303115
1949,191655.00874941298
1950,163954.06787792096
1951,208122.97249374483
1952,183652.07533311268
1953,138426.60379201776
1954,178875.81056575576
1955,118655.7992206293
1956,249068.2998401888
1957,143807.1156669305
1958,278024.74618068
1959,123531.31177231975
1960,100409.6510708054
1961,102896.76549347345
1962,90143.2473982336
1963,97549.42070301686
1964,96914.12834975384
1965,132185.0832449587
1966,140102.84638892752
1967,235900.09236523014
1968,340313.3094782864
1969,331395.1807336989
1970,388344.165703877
1971,416712.0846298946
1972,322030.51576895075
1973,260583.7077505731
1974,287144.7033774474
1975,404676.60457833414
1976,222549.27705235517
1977,323060.46554351866
1978,365041.9754503599
1979,310538.79089102586
1980,166965.252955406
1981,303100.3250491061
1982,187531.34426238123
1983,187027.59592660307
1984,161100.9682011613
1985,183087.24157876807
1986,183122.1980114424
1987,164401.28315424506
1988,172993.13499698704
1989,180079.2934374366
1990,202291.18131128716
1991,215323.78179012786
1992,186598.58393770456
1993,159277.9683501902
1994,201505.14407397405
1995,173078.45305550814
1996,217000.0888191654
1997,294204.85211166966
1998,296791.08673844143
1999,216405.6864376439
2000,289199.5461805115
2001,235111.4127248297
2002,195177.54757185568
2003,233125.506752493
2004,243514.16507217445
2005,194956.65656734668
2006,219879.24642400397
2007,229007.50656349576
2008,196270.94964561716
2009,173873.82727699468
2010,182560.86708883892
2011,121937.30680544616
2012,162370.74068103154
2013,170938.49414505772
2014,173988.48161784536
2015,183302.1333814398
2016,173873.82727699468
2017,180996.04338988705
2018,102587.15940157883
2019,111547.08727260833
2020,89877.42576264631
2021,90537.73338348113
2022,156319.72590630432
2023,126341.65146143228
2024,200986.8137594886
2025,321976.440434263
2026,168995.53953758546
2027,140511.72641708466
2028,149988.73355441072
2029,154740.38581744407
2030,246636.77497956148
2031,238788.2567669538
2032,255951.66242917153
2033,244359.0706992052
2034,154638.52417199506
2035,192738.306478189
2036,180327.73072970356
2037,179019.47009955472
2038,294078.2185600296
2039,197283.57874202504
2040,380496.2529696569
2041,214919.43646054468
2042,194130.78603528618
2043,157724.1370958438
2044,154668.302908334
2045,179274.5428610354
2046,125314.62471255804
2047,133756.15812092787
2048,122929.3910963058
2049,127327.29554032366
2050,164320.9612616768
2051,102196.51576279177
2052,110820.9055881951
2053,119703.7905144857
2054,80495.40525791449
2055,142679.17659554075
2056,123802.1764067328
2057,96769.97012206886
2058,212972.38176666066
2059,102129.04167730102
2060,135912.01425110426
2061,161790.6299981919
2062,103287.26073005846
2063,105610.76436689799
2064,111794.79387066494
2065,99653.87068887406
2066,161944.0986894604
2067,115777.31930972662
2068,124829.52953954716
2069,81914.74753261416
2070,99270.6045628461
2071,79868.94022538638
2072,129452.00509811506
2073,124047.16940420591
2074,165559.41965182795
2075,122076.91512183133
2076,108388.5417622391
2077,116771.26619039326
2078,102359.9594305309
2079,113284.20434035886
2080,98228.34784148863
2081,104026.41728740431
2082,107024.58078088987
2083,128136.50581895297
2084,99175.55901848702
2085,101716.11666840785
2086,118216.37013686972
2087,113234.64822240431
2088,97567.670492028
2089,72219.89365836118
2090,116165.36610958686
2091,115298.60845621437
2092,130835.3943033429
2093,109034.39179407993
2094,118345.28325820583
2095,140129.71741735205
2096,76606.84954820397
2097,88383.79231447833
2098,137075.40989131056
2099,62286.05880397889
2100,96955.58966683026
2101,118293.23984971493
2102,122258.50227508863
2103,99076.36851125334
2104,118919.34459315424
2105,117786.43313758896
2106,69913.77368036906
2107,189529.449360392
2108,97955.12141237727
2109,102876.14627378396
2110,119754.95591043825
2111,166035.68199600594
2112,121959.9262262701
2113,109091.13558750728
2114,108014.44214045272
2115,147416.58796826296
2116,118612.03968306932
2117,138294.76728494486
2118,102336.75785619307
2119,90183.32752760978
2120,114940.465172065
2121,81407.99412732226
2122,99221.67776125728
2123,86754.15008722326
2124,158113.63805155887
2125,116729.01730809108
2126,153957.581454009
2127,131884.62362225843
2128,100798.94227024342
2129,96205.191054886
2130,126100.71638907462
2131,145014.48902896198
2132,107091.15431109419
2133,107360.61653866382
2134,105750.32593837928
2135,94441.34973608112
2136,65530.665590693
2137,93538.96943651808
2138,115583.57346559303
2139,133182.3234580992
2140,115765.85192561826
2141,135309.79608027486
2142,106589.90747513874
2143,116536.36985193257
2144,95300.23501728717
2145,112384.83848291486
2146,144419.52425112223
2147,122595.55350840036
2148,107499.27751748903
2149,119304.91718152586
2150,180926.20320250982
2151,130000.48958239758
2152,146365.55796070653
2153,138955.8917370565
2154,84184.82391711387
2155,129963.47205430157
2156,224973.98985137168
2157,175504.05647115668
2158,218525.08475209272
2159,211507.76170094148
2160,165464.17971385908
2161,224369.76905416787
2162,324042.6046583103
2163,306845.1118017393
2164,224012.2797327675
2165,168574.45425472342
2166,127048.14046344835
2167,173070.57234305263
2168,186364.56374245376
2169,180937.1941515149
2170,197540.79435522037
2171,141151.85713670249
2172,118074.68945239966
2173,164413.24769783663
2174,202641.80648523048
2175,285585.3610249161
2176,240975.74941375625
2177,205346.6964151906
2178,196165.94261258267
2179,129963.67455180742
2180,178371.08181159262
2181,172037.5957664474
2182,199446.32253702078
2183,169924.16383366197
2184,102746.02193323628
2185,109201.65699437624
2186,122506.16893687627
2187,134257.92092316024
2188,150197.05926797737
2189,224708.65275067854
2190,80105.8537106896
2191,84314.11014269297
2192,76401.22632531832
2193,106517.3056275311
2194,97569.0467492278
2195,93168.62955858505
2196,104165.92012986059
2197,100640.40162321905
2198,148475.98440214002
2199,154307.6075772049
2200,125062.12447753536
2201,137155.45380238025
2202,186258.474711361
2203,144946.87011016716
2204,156149.60397432928
2205,92457.93786484182
2206,108877.28111063795
2207,191082.1613565634
2208,215766.21726673128
2209,173809.2073354856
2210,121930.72985302875
2211,100672.0891764513
2212,99965.7666407489
2213,98587.67286528225
2214,123469.53544595452
2215,99390.04311304181
2216,115079.98858909609
2217,75494.02437740409
2218,56057.92120179355
2219,67846.16736244682
2220,63929.43532046221
2221,236340.67437422887
2222,190921.61768602964
2223,247181.28220928772
2224,201022.23941460197
2225,113633.8341685931
2226,150779.55110372393
2227,171618.11772101594
2228,221231.69889953127
2229,211446.4058988636
2230,145282.07548640526
2231,206593.53501707318
2232,165369.53182585037
2233,151615.02876649093
2234,200739.3307624455
2235,186439.4429554712
2236,212206.86148930824
2237,289848.1765131041
2238,174815.92891411716
2239,96598.69201619568
2240,137179.59279613232
2241,127702.23775381267
2242,109346.69767126859
2243,119550.73148748682
2244,93782.45356653462
2245,93973.38928798692
2246,118090.26986531017
2247,98823.11551711983
2248,105287.4997131918
2249,105891.68813919021
2250,119727.65596381528
2251,133540.29881063075
2252,154456.95915094067
2253,153119.65142323208
2254,172483.71002955732
2255,177943.76415144073
2256,173082.2818968836
2257,177367.69949818627
2258,158948.34441826772
2259,172540.65335767632
2260,133571.48851981715
2261,168338.5549346682
2262,173121.68551245634
2263,305253.7388841734
2264,424828.2797924508
2265,140940.97181963807
2266,256832.24210017585
2267,301256.7250985908
2268,338386.0561787164
2269,125386.11572491197
2270,169893.3241527761
2271,176196.6729266038
2272,180617.04717442876
2273,141240.885711005
2274,149108.01344469213
2275,140700.19384938298
2276,162228.53912090458
2277,159853.37826929044
2278,132535.35970243666
2279,113969.02245649845
2280,110882.68672750612
2281,148641.33297889202
2282,154534.87735622
2283,94200.1677271472
2284,107109.25279882898
2285,132479.1931611573
2286,100709.13211300013
2287,296836.9177284369
2288,249628.18454667297
2289,318009.90482916136
2290,368365.4332739182
2291,306697.44129867037
2292,346529.09347151243
2293,388482.78468921955
2294,363992.4991268744
2295,383108.70202816214
2296,275162.2564612981
2297,288270.20156773535
2298,304309.9997003428
2299,378478.29468805017
2300,303672.2896493073
2301,247910.1061554682
2302,192160.84201909314
2303,207269.9823976607
2304,223755.2294256936
2305,148326.04858462926
2306,146992.67129921523
2307,155501.94625535852
2308,196411.3490853075
2309,250679.93586719502
2310,189587.59374944246
2311,162776.74690235665
2312,173130.98378855156
2313,170107.6078434614
2314,166989.28821352485
2315,172903.87452214453
2316,179346.31311863058
2317,150407.83814378773
2318,173287.69582791848
2319,170314.8207794415
2320,186958.85201139434
2321,211481.27178910878
2322,162000.85014002628
2323,164287.63739638726
2324,159882.8004346068
2325,175032.00752979817
2326,162567.5424373119
2327,201281.87571366184
2328,206825.80327519303
2329,173890.10731685252
2330,174589.59462709082
2331,319100.6193384546
2332,413679.6727337229
2333,297239.34878438135
2334,232945.5019547637
2335,224620.1784882448
2336,296142.1598807862
2337,188568.43787406816
2338,235044.4854458444
2339,198449.8082553594
2340,327565.2275254722
2341,183639.43695025943
2342,195735.38336936443
2343,180556.12679445295
2344,227105.369414606
2345,233430.80894891088
2346,207440.02228578544
2347,185190.79647955214
2348,221605.30179206858
2349,160180.6567146814
2350,250616.4195341908
2351,226805.11365340548
2352,226102.74114028862
2353,212312.01662071486
2354,118820.03839315042
2355,138981.11193034216
2356,126682.9731290825
2357,172798.64295342175
2358,177850.58354589145
2359,118881.35835069609
2360,98107.85995407066
2361,116779.74917812405
2362,213910.39563650594
2363,113076.83690889347
2364,139501.90325369983
2365,189378.46751062112
2366,187251.0778421818
2367,198746.65479380894
2368,184526.5470770863
2369,199136.17501017277
2370,157345.87395087958
2371,160880.64377556182
2372,171325.6602860685
2373,244221.9711602355
2374,290917.62331198057
2375,209101.44060413077
2376,220844.853664394
2377,292976.8909628909
2378,132916.65977010908
2379,163836.5612843629
2380,125975.92483059994
2381,137808.47629386195
2382,175703.86217765414
2383,173631.11442440187
2384,210630.35253874375
2385,134754.28124770566
2386,108621.85985534493
2387,112855.69653042944
2388,98520.71497720564
2389,107834.14328248826
2390,124707.09085871422
2391,124412.63555884662
2392,101011.97475615985
2393,157349.42380935696
2394,121779.81983692659
2395,181419.58611006994
2396,122160.93508728835
2397,182443.87483986668
2398,120160.53250613205
2399,41499.19650741705
2400,50850.07462237933
2401,97986.74531431451
2402,117195.11753189108
2403,120414.46501750336
2404,135602.09317668728
2405,137893.11204701202
2406,113062.46084211532
2407,101657.09125168364
2408,120046.20418801966
2409,103428.65941332137
2410,154618.98192035628
2411,98283.99829480315
2412,138506.8452829544
2413,107063.45900902584
2414,125497.58083481134
2415,120118.88612559036
2416,116299.3190403208
2417,105745.90370227903
2418,106052.43646441872
2419,110762.77771517186
2420,102193.07114763775
2421,127337.06913176316
2422,101931.01686776624
2423,115437.73846174525
2424,141783.78349182947
2425,211695.70408316472
2426,109434.8970586822
2427,125481.99504778476
2428,168302.2500982995
2429,99142.28126430392
2430,104801.23425898026
2431,94336.46899064585
2432,112436.50313566791
2433,115069.68801902008
2434,107265.1510812443
2435,114913.34796981352
2436,105157.23447228094
2437,95251.3516820699
2438,101608.55917956767
2439,100998.44083003493
2440,111715.23441811233
2441,74739.03685813474
2442,86446.7317708213
2443,115392.191055692
2444,119480.04379013511
2445,67489.45440941043
2446,118180.7462742293
2447,187181.9970008597
2448,126942.50435886697
2449,99940.93044187299
2450,148163.94812723837
2451,104231.3896993178
2452,190979.5921293121
2453,98459.43043415908
2454,119112.00525756071
2455,106290.01495499419
2456,120771.82899051353
2457,111612.9065779294
2458,111596.32480130409
2459,97080.15264042921
2460,132693.0828026543
2461,107413.0299341831
2462,132831.33019414428
2463,112684.4902161802
2464,151330.1096478438
2465,125655.46116643719
2466,100010.36217616907
2467,139193.1815712967
2468,65582.70762642733
2469,64061.72107044335
2470,163974.8229988879
2471,196451.4159599072
2472,145855.2530075484
2473,107511.4724194449
2474,79405.87406756984
2475,194792.09844782492
2476,85876.41197354809
2477,106498.29872210622
2478,130271.45517035753
2479,96489.94095732483
2480,128296.35755595283
2481,98603.0638888371
2482,109499.1016674692
2483,95865.12672073189
2484,105196.24186229393
2485,103883.4164211823
2486,124611.84115359504
2487,175343.13876759022
2488,150824.8644163821
2489,135271.9090280248
2490,124127.31180206331
2491,96476.64663444592
2492,158402.62070767037
2493,134577.9302578115
2494,133183.7780837124
2495,83542.03910825336
2496,215679.36930584649
2497,138859.54462951655
2498,90270.94690332036
2499,92020.26079088746
2500,99578.73967834543
2501,110857.23743752931
2502,122627.43651043467
2503,79049.8748344335
2504,184726.74660262393
2505,206592.47452114435
2506,245296.3964093529
2507,292204.32457120006
2508,246840.56995794232
2509,191043.20260220833
2510,207716.54245990235
2511,168124.43264174572
2512,192355.39040467172
2513,189170.9184537131
2514,211336.33001843697
2515,128229.31119296959
2516,152623.23764603364
2517,115289.50722481875
2518,124185.04283525929
2519,192820.27009271868
2520,186272.1217075602
2521,180581.35235795742
2522,190253.72206713838
2523,104079.28568813205
2524,115268.26914829234
2525,130469.86042382404
2526,109932.79692097777
2527,103094.50304506686
2528,119666.83855053625
2529,120343.49883246304
2530,115934.80256740091
2531,188823.8009290542
2532,200405.690796862
2533,188562.15126997407
2534,196692.0165489386
2535,273110.60994445765
2536,206037.0760443775
2537,191908.7715464038
2538,174211.9806473147
2539,171368.9800282321
2540,155694.2231592767
2541,170921.7821695783
2542,159961.5896663869
2543,103639.20454148388
2544,110660.80892345042
2545,121189.30037608367
2546,116329.14720409196
2547,126797.7821904058
2548,137955.65314458462
2549,144295.5958367286
2550,551847.4122676809
2551,131137.002454896
2552,104346.45484739049
2553,74563.85203728688
2554,86136.66883588492
2555,111306.9536139878
2556,86551.24860130815
2557,99975.09874080174
2558,114082.59813228768
2559,111413.08852039003
2560,126208.19081489251
2561,139544.98050344683
2562,132108.2896367016
2563,134083.46711195642
2564,170160.37791285798
2565,142059.3535387658
2566,146902.3575603981
2567,110882.41347112304
2568,171000.33718613093
2569,179033.00106417382
2570,122709.38139587984
2571,169527.21594927346
2572,160359.24930283448
2573,177911.8580724847
2574,279477.6950902656
2575,120272.81769825946
2576,112637.78285857654
2577,135929.37971438703
2578,74758.51237232784
2579,74793.32310733074
2580,107860.46916471938
2581,90861.32227311279
2582,75722.71846934092
2583,205386.43083801467
2584,143580.85472541847
2585,157063.8283900186
2586,176476.61490540826
2587,162145.63955380887
2588,142556.75696520734
2589,130894.66391942122
2590,177028.79772635043
2591,203435.04901444717
2592,192229.33354799758
2593,227403.91754057602
2594,165292.48629800545
2595,188090.10290226576
2596,276347.29822798993
2597,174184.85935536344
2598,218444.0215407864
2599,301117.07806111744
2600,187732.12571395218
2601,131649.2987653043
2602,79620.03564012537
2603,85519.65190149985
2604,82672.7805484667
2605,78955.86413379172
2606,123882.43046269979
2607,151816.55925367377
2608,177591.24506317594
2609,157810.79799314315
2610,95869.82983583037
2611,103490.3212026245
2612,125935.65589686246
2613,113120.88244982918
2614,107789.91397940183
2615,130379.3411675514
2616,115557.18368610284
2617,151208.93155291228
2618,153513.67836566837
2619,178828.46720607323
2620,171921.0587665047
2621,173658.38938795688
2622,178457.93700777585
2623,221469.3362275596
2624,255928.36912855736
2625,283389.53013332403
2626,149595.73590764415
2627,162406.39306825257
2628,389798.68157263176
2629,479523.9105306852
2630,334748.5833763336
2631,375388.26364007243
2632,406472.14134631306
2633,254339.98124884293
2634,330918.07340123993
2635,133213.06809724736
2636,171672.5355287791
2637,155729.42550007382
2638,239124.43048205247
2639,172641.7295645832
2640,127219.79582133265
2641,96468.47841679567
2642,167227.3622393629
2643,107126.97776117404
2644,116082.59938301818
2645,97254.21294171727
2646,89554.87422386867
2647,94683.51854296718
2648,120389.15886927884
2649,128270.6576810365
2650,130564.35804229569
2651,141538.99580363932
2652,339374.307947164
2653,224944.8426519206
2654,218688.91166054283
2655,315545.80000890966
2656,303314.15181556204
2657,274424.55626754556
2658,247957.9647761857
2659,314728.7455510905
2660,305596.09909583296
2661,293888.04093604605
2662,285843.2831492163
2663,243302.15455494903
2664,245022.1199794481
2665,296737.26065438276
2666,273937.44992439356
2667,152236.21272582785
2668,175413.88172891145
2669,148202.2810149188
2670,277156.4798541527
2671,175291.32077837852
2672,165875.75053756582
2673,170869.13955945126
2674,167830.75240673433
2675,159252.58908222936
2676,173746.0877489903
2677,170909.85188949382
2678,239141.73723115886
2679,263470.4511807824
2680,254961.29297671746
2681,429359.3606393716
2682,315774.04995480034
2683,515325.4273614226
2684,291406.0080232276
2685,336003.68743029604
2686,232781.0842759068
2687,253306.56952420148
2688,195020.38781385386
2689,203618.05962450875
2690,367013.107713222
2691,181255.01476856586
2692,110365.33664444981
2693,174731.98604063768
2694,116298.79291755531
2695,179893.44384901552
2696,175435.58695239274
2697,171865.03052060152
2698,180821.76355406045
2699,150626.09483527628
2700,139605.1204802551
2701,144681.02673987162
2702,101724.16577228124
2703,141421.5759905213
2704,124392.9250773728
2705,98123.79668704257
2706,105139.4675175494
2707,113746.52692292393
2708,110852.35036838334
2709,92253.33013027294
2710,105815.29687042836
2711,224185.40430054092
2712,352777.0738374968
2713,165500.35178445585
2714,149599.80193571167
2715,162003.0584853212
2716,160522.74000090407
2717,196137.95127597917
2718,204427.67318435962
2719,128954.45953385333
2720,157042.18717347967
2721,110611.61013898406
2722,142841.3129459231
2723,128693.86421021682
2724,104664.99347331977
2725,104504.70089660656
2726,112869.18649333052
2727,138895.16231289622
2728,160397.05792448402
2729,143127.67297081358
2730,119995.15127280848
2731,109566.23849412607
2732,105715.60552854234
2733,139472.4764671139
2734,128546.69507776972
2735,108713.10892070044
2736,129500.96682443067
2737,102285.79061200428
2738,125265.5152016981
2739,139392.43469827622
2740,117864.93230379053
2741,119888.06811536061
2742,138917.29897237505
2743,120942.26442715092
2744,127766.30339686174
2745,109574.20993611556
2746,114861.66040644413
2747,154912.32000742079
2748,114414.72886192035
2749,108745.97446012721
2750,112870.57457178789
2751,117009.44495953302
2752,194717.00224534265
2753,137166.0985244261
2754,172586.01006334255
2755,118355.12631455589
2756,94119.81970279032
2757,65607.65763944047
2758,88951.67533148467
2759,145843.99971900735
2760,116444.02381761468
2761,115845.48333862243
2762,117453.3371312901
2763,169032.42621511605
2764,157302.7265296631
2765,242900.69854069152
2766,125118.76234038295
2767,85676.96975648701
2768,111735.05945735471
2769,102575.00612232351
2770,129867.82198962112
2771,98072.52333404263
2772,94356.92330057774
2773,145187.2059805579
2774,119890.94477717303
2775,112899.19821667523
2776,135381.14820577484
2777,131787.53537229012
2778,123686.04312251309
2779,127586.92537034853
2780,86673.44964032079
2781,82732.30735587387
2782,89291.8082111754
2783,94443.31663302316
2784,105685.93321027819
2785,134839.82453873253
2786,77769.06966208575
2787,105426.01558432973
2788,71982.0810661195
2789,170973.4244829922
2790,84359.77455625721
2791,106159.50632308527
2792,36817.42416294621
2793,173829.50603452398
2794,99378.73409580767
2795,106435.83391723206
2796,94179.32858215248
2797,168463.71434708184
2798,119541.37955514627
2799,105932.05617511855
2800,61783.600020281614
2801,93296.89757698397
2802,121698.92035490375
2803,136909.58601130245
2804,138529.85755927998
2805,98932.30896175471
2806,74273.51427981423
2807,136665.635818647
2808,131835.8635586291
2809,112338.49654861257
2810,105483.97700803132
2811,145042.35890845716
2812,129107.64888808804
2813,126996.69963431224
2814,118751.89107613423
2815,87431.28466456171
2816,200921.18634591426
2817,136596.03265863474
2818,115840.44024510036
2819,156292.89049534363
2820,122977.45775684356
2821,82617.88460740606
2822,196353.5631025124
2823,226907.77699550524
2824,156251.33609135263
2825,154107.9625796065
2826,111995.68426074866
2827,122898.77166987552
2828,195901.5359072155
2829,163597.88446510493
2830,219855.58747282196
2831,170612.9349144303
2832,185750.46150958064
2833,238155.78542007878
2834,195469.44813996291
2835,178127.79862075538
2836,177993.1313934451
2837,137178.80010771807
2838,136588.82047018563
2839,176550.8301468612
2840,172558.08326747295
2841,187150.55410952464
2842,191957.84530154374
2843,131318.67953844904
2844,138750.7656542189
2845,103453.26055450314
2846,190571.2585803371
2847,179576.87831867594
2848,189155.0461097436
2849,190961.30196486478
2850,250951.50094447922
2851,215902.81026420346
2852,214853.51751948884
2853,215071.80559303952
2854,130196.42546572324
2855,169655.64776157023
2856,195012.1854069096
2857,177548.70844747347
2858,170318.23027144195
2859,122363.30773909159
2860,94411.55695098538
2861,101335.5410655829
2862,183518.1135817691
2863,106531.891761996
2864,224485.5686079989
2865,133002.61063336325
2866,136346.60439654888
2867,95707.92326071848
2868,96810.76305750129
2869,99877.46541634388
2870,118547.70665456324
2871,86519.40500282268
2872,51586.849895603715
2873,95563.67229665568
2874,119839.85231202644
2875,105210.51601756336
2876,150965.08271143254
2877,119966.00129534244
2878,153740.8817909111
2879,118406.75782373757
2880,85622.03707918226
2881,135432.3520997395
2882,150402.44152592827
2883,170732.49476936727
2884,202279.40914019302
2885,193480.2063878543
2886,171149.05060041766
2887,76925.96961951959
2888,120645.5803131892
2889,53228.81434118329
2890,83429.05343629439
2891,123816.42227447608
2892,47253.4785873448
2893,84917.67089180135
2894,52721.718759822914
2895,240812.9395239625
2896,200402.23212866343
2897,179761.72869408308
2898,133848.30495897363
2899,197175.63931593712
2900,131506.786845419
2901,177454.99487481752
2902,158169.76599810136
2903,291870.40496589936
2904,308117.5636267988
2905,107605.33055022283
2906,178629.9962893395
2907,107412.1131926943
2908,113956.32234226324
2909,133965.58793189994
2910,73433.9211115274
2911,79872.27716471834
2912,123096.1532440537
2913,82664.21366939084
2914,79185.1997195579
2915,82640.17935634454
2916,82528.85419178713
2917,130797.18716861233
2918,100070.74697289613
2919,211922.23345565583
